15
0 36 39 0 36 0 0 20 43 0 0 14 17 13 32 
36 0 0 21 0 44 16 0 11 35 0 47 0 13 0 
39 0 0 0 14 47 39 46 46 40 18 11 12 13 0 
0 21 0 0 44 48 43 33 18 25 13 44 38 14 26 
36 0 14 44 0 22 47 0 13 0 42 0 13 27 31 
0 44 47 48 22 0 48 24 0 41 24 26 48 11 38 
0 16 39 43 47 48 0 46 19 0 31 23 47 24 0 
20 0 46 33 0 24 46 0 0 38 0 0 10 0 11 
43 11 46 18 13 0 19 0 0 12 12 27 23 19 49 
0 35 40 25 0 41 0 38 12 0 41 20 41 14 30 
0 0 18 13 42 24 31 0 12 41 0 28 48 0 14 
14 47 11 44 0 26 23 0 27 20 28 0 0 36 26 
17 0 12 38 13 48 47 10 23 41 48 0 0 40 0 
13 13 13 14 27 11 24 0 19 14 0 36 40 0 20 
32 0 0 26 31 38 0 11 49 30 14 26 0 20 0 
