15
0 40 18 0 11 15 30 49 14 26 0 38 0 31 17 
40 0 0 0 0 33 0 26 0 36 33 25 34 34 0 
18 0 0 17 0 0 0 25 38 0 34 0 0 22 37 
0 0 17 0 29 46 19 44 39 10 0 44 22 23 25 
11 0 0 29 0 37 0 20 30 28 0 46 36 0 26 
15 33 0 46 37 0 20 40 0 13 27 41 31 10 0 
30 0 0 19 0 20 0 31 14 0 19 11 40 45 45 
49 26 25 44 20 40 31 0 0 41 16 0 0 0 39 
14 0 38 39 30 0 14 0 0 31 28 0 22 19 0 
26 36 0 10 28 13 0 41 31 0 0 15 0 28 49 
0 33 34 0 0 27 19 16 28 0 0 46 0 35 48 
38 25 0 44 46 41 11 0 0 15 46 0 27 46 13 
0 34 0 22 36 31 40 0 22 0 0 27 0 41 0 
31 34 22 23 0 10 45 0 19 28 35 46 41 0 35 
17 0 37 25 26 0 45 39 0 49 48 13 0 35 0 
6



